1 298
2 235
3 137
4 116
5 19
6 17
8 3
9 82
10 167
11 192
12 158
13 116
14 166
15 293
16 302
17 159
18 153
19 29
20 43
21 116
22 216
23 160
24 307
25 287
26 346
27 228
28 115
29 159
30 198
31 130
32 223
33 139
34 162
35 268
36 310
37 255
38 309
39 321
40 286
41 144
42 145
43 153
44 209
45 197
46 325
47 351
48 210
49 144
50 211
51 74
52 105
53 190
54 316
55 362
56 294
57 175
58 153
59 170
60 226
61 156
62 128
63 162
64 296
65 276
66 229
67 99
68 86
69 143
70 134
71 186
72 165
73 243
74 263
75 370
76 314
77 227
78 220
79 279
80 345
81 321
82 298
83 266
84 282
85 266
86 189
87 178
88 156
89 231
90 341
91 434
92 385
93 311
94 280
95 283
96 234
97 320
98 335
99 404
100 350